3 0.120500 0.051250 0.033000 0.040000
3 0.421000 0.125625 0.036000 0.038750
3 0.477000 0.269375 0.042000 0.053750
3 0.188000 0.372500 0.030000 0.042500
3 0.254500 0.466875 0.047000 0.053750
3 0.575500 0.043125 0.015000 0.016250
3 0.630500 0.467500 0.021000 0.030000
3 0.854000 0.358750 0.018000 0.025000
3 0.959500 0.422500 0.037000 0.047500
3 0.938000 0.485625 0.050000 0.058750
3 0.273000 0.549375 0.040000 0.051250
3 0.169000 0.438750 0.046000 0.060000
3 0.122500 0.456250 0.033000 0.037500
3 0.103500 0.793125 0.043000 0.051250
3 0.430000 0.698125 0.046000 0.051250
3 0.470500 0.878125 0.023000 0.031250
3 0.304000 0.951250 0.026000 0.030000
3 0.800000 0.075000 0.050000 0.057500